0 0
0 0
0 0
0 111
0 309
0 24
0 0
0 0
0 0
0 0
0 0
0 0
0 0
0 0
0 0
0 0
0 0
0 0
-33 212
269 674
222 873
275 893
260 683
18 518
0 205
0 0
0 0
0 0
0 0
0 0
0 0
0 0
0 0
-37 382
418 914
266 852
104 683
-81 751
73 673
311 917
-1 749
0 0
0 0
0 0
0 0
0 0
0 0
0 0
0 0
254 639
157 794
278 872
-14 947
203 1102
134 1016
76 727
358 714
0 0
0 0
0 0
0 0
0 0
0 0
0 0
0 0
388 908
78 944
331 1027
-14 1000
-201 994
-166 974
168 753
368 908
0 124
0 0
0 0
0 0
0 0
0 0
0 0
0 61
461 929
30 1026
-77 1168
204 927
-2 808
189 945
107 765
356 913
0 22
0 0
0 0
0 0
0 0
0 0
0 0
0 0
266 667
92 1053
-111 1002
58 995
44 809
466 929
314 836
130 670
0 0
0 0
0 0
0 0
0 0
0 0
0 0
0 0
-122 547
542 996
285 882
-85 885
2 1103
533 1138
378 897
-25 359
0 0
0 0
0 0
0 0
0 0
0 0
0 0
0 0
0 264
-31 455
182 713
450 858
414 929
151 586
-77 610
0 24
0 0
0 0
0 0
0 0
0 0
0 0
0 0
0 0
0 0
0 0
0 0
0 7
0 222
0 0
0 0
0 0
0 0
0 0
0 0
0 0
0 0
0 0
0 0
0 0
0 0
0 0
0 0
0 0
0 0
0 0
0 0
0 0
0 0
0 0
0 0
0 0
0 0
0 0
0 0
0 0
0 0
0 0
0 0
0 0
0 0
0 0
0 0
0 0
0 0
0 0
0 0
0 0
0 0
0 0
0 0
0 0
0 0
0 0
0 0
0 0
0 0
0 0
0 0
0 0
0 0
0 0
0 0
0 0
0 0
0 0
0 0
0 0
0 0
0 0
0 0
0 0
0 0
0 0
0 0
0 0
0 0
0 0
0 0
0 0
0 0
0 0
0 0
0 0
0 0
0 0
0 0
0 0
0 0
0 0
0 0
0 0
0 0
0 0
0 0
0 0
0 0
0 0
0 0
0 0
0 0
0 0
0 0
0 0
0 0
0 0
0 0
0 0
0 0
0 0
0 0
0 0
0 0
0 0
0 0